1,BOS,ATL,SEA,,1,1989,1,6,7,0,629,EA,BOS,ATL,0845,0845,1140,1134,0.0,0.0,175,169,false,2,1989,1,6,7,0,184,DL,ATL,SEA,1857,1857,2115,2103,0.0,0.0,318,306,false,2
1,BOS,ATL,SEA,,1,1989,1,1,2,0,629,EA,BOS,ATL,0845,0845,1140,1140,0.0,0.0,175,175,false,2,1989,1,1,2,0,86,EA,ATL,SEA,1635,1635,1905,1919,0.042424243,0.0,330,344,false,2
1,BOS,ATL,SEA,,1,1989,1,1,23,0,149,EA,BOS,ATL,0715,0736,1009,1015,0.03448276,0.12068965,174,159,false,2,1989,1,1,23,0,184,DL,ATL,SEA,1857,1857,2115,2102,0.0,0.0,318,305,false,2
1,BOS,ATL,SEA,,1,1989,1,1,30,0,149,EA,BOS,ATL,0715,0715,1009,1010,0.0057471264,0.0,174,175,false,2,1989,1,1,30,0,184,DL,ATL,SEA,1857,1857,2115,2121,0.018867925,0.0,318,324,false,2
1,BOS,ATL,SEA,,1,1989,1,1,30,0,149,EA,BOS,ATL,0715,0715,1009,1010,0.0057471264,0.0,174,175,false,2,1989,1,1,30,0,86,EA,ATL,SEA,1635,1635,1905,1903,0.0,0.0,330,328,false,2
1,BOS,ATL,SEA,,1,1989,1,1,2,0,225,DL,BOS,ATL,0645,0645,0917,0924,0.04605263,0.0,152,159,false,2,1989,1,1,2,0,86,EA,ATL,SEA,1635,1635,1905,1919,0.042424243,0.0,330,344,false,2
1,BOS,ATL,SEA,,1,1989,1,3,4,0,225,DL,BOS,ATL,0645,0645,0917,0914,0.0,0.0,152,149,false,2,1989,1,3,4,0,86,EA,ATL,SEA,1635,1635,1905,1900,0.0,0.0,330,325,false,2
1,BOS,ATL,SEA,,1,1989,1,6,7,0,225,DL,BOS,ATL,0645,0645,0917,0915,0.0,0.0,152,150,false,2,1989,1,6,7,0,184,DL,ATL,SEA,1857,1857,2115,2103,0.0,0.0,318,306,false,2
1,BOS,ATL,SEA,,1,1989,1,2,17,0,225,DL,BOS,ATL,0645,0649,0917,0924,0.04605263,0.02631579,152,155,false,2,1989,1,2,17,0,86,EA,ATL,SEA,1635,1635,1905,1918,0.03939394,0.0,330,343,false,2
1,BOS,ATL,SEA,,1,1989,1,3,18,0,225,DL,BOS,ATL,0645,0645,0917,0930,0.08552632,0.0,152,165,false,2,1989,1,3,18,0,184,DL,ATL,SEA,1857,1857,2115,2123,0.025157232,0.0,318,326,false,2
1,BOS,ATL,SEA,,1,1989,1,3,18,0,225,DL,BOS,ATL,0645,0645,0917,0930,0.08552632,0.0,152,165,false,2,1989,1,3,18,0,86,EA,ATL,SEA,1635,1643,1905,1917,0.036363635,0.024242423,330,334,false,2
1,BOS,ATL,SEA,,1,1989,1,4,19,0,225,DL,BOS,ATL,0645,0645,0917,0921,0.02631579,0.0,152,156,false,2,1989,1,4,19,0,184,DL,ATL,SEA,1857,1857,2115,2127,0.03773585,0.0,318,330,false,2
1,BOS,ATL,SEA,,1,1989,1,4,19,0,225,DL,BOS,ATL,0645,0645,0917,0921,0.02631579,0.0,152,156,false,2,1989,1,4,19,0,86,EA,ATL,SEA,1635,1652,1905,1910,0.015151516,0.05151515,330,318,false,2
1,BOS,ATL,SEA,,1,1989,1,5,20,0,225,DL,BOS,ATL,0645,0645,0917,0926,0.059210528,0.0,152,161,false,2,1989,1,5,20,0,184,DL,ATL,SEA,1857,1857,2115,2110,0.0,0.0,318,313,false,2
1,BOS,ATL,SEA,,1,1989,1,1,23,0,225,DL,BOS,ATL,0645,0645,0917,0911,0.0,0.0,152,146,false,2,1989,1,1,23,0,184,DL,ATL,SEA,1857,1857,2115,2102,0.0,0.0,318,305,false,2
1,BOS,ATL,SEA,,1,1989,1,2,24,0,225,DL,BOS,ATL,0645,0645,0917,0909,0.0,0.0,152,144,false,2,1989,1,2,24,0,184,DL,ATL,SEA,1857,1857,2115,2105,0.0,0.0,318,308,false,2
1,BOS,ATL,SEA,,1,1989,1,3,25,0,225,DL,BOS,ATL,0645,0645,0917,0928,0.07236842,0.0,152,163,false,2,1989,1,3,25,0,184,DL,ATL,SEA,1857,1857,2115,2111,0.0,0.0,318,314,false,2
1,BOS,ATL,SEA,,1,1989,1,5,27,0,225,DL,BOS,ATL,0645,0654,0917,0918,0.0065789474,0.059210528,152,144,false,2,1989,1,5,27,0,184,DL,ATL,SEA,1857,1857,2115,2109,0.0,0.0,318,312,false,2
1,BOS,ATL,SEA,,1,1989,1,6,28,0,225,DL,BOS,ATL,0645,0645,0917,0917,0.0,0.0,152,152,false,2,1989,1,6,28,0,184,DL,ATL,SEA,1857,1857,2115,2100,0.0,0.0,318,303,false,2
1,BOS,ATL,SEA,,1,1989,1,7,29,0,225,DL,BOS,ATL,0645,0645,0917,0927,0.065789476,0.0,152,162,false,2,1989,1,7,29,0,184,DL,ATL,SEA,1857,1857,2115,2115,0.0,0.0,318,318,false,2
1,BOS,ATL,SEA,,1,1989,1,1,30,0,225,DL,BOS,ATL,0645,0645,0917,0930,0.08552632,0.0,152,165,false,2,1989,1,1,30,0,184,DL,ATL,SEA,1857,1857,2115,2121,0.018867925,0.0,318,324,false,2
1,BOS,ATL,SEA,,1,1989,1,1,30,0,225,DL,BOS,ATL,0645,0645,0917,0930,0.08552632,0.0,152,165,false,2,1989,1,1,30,0,86,EA,ATL,SEA,1635,1635,1905,1903,0.0,0.0,330,328,false,2
1,BOS,ATL,SEA,,1,1989,1,2,31,0,225,DL,BOS,ATL,0645,0645,0917,0902,0.0,0.0,152,137,false,2,1989,1,2,31,0,184,DL,ATL,SEA,1857,1857,2115,2123,0.025157232,0.0,318,326,false,2
1,BOS,ATL,SEA,,1,1989,1,5,13,0,451,DL,BOS,ATL,1518,1518,1802,1805,0.018292682,0.0,164,167,false,2,1989,1,5,13,0,184,DL,ATL,SEA,1857,1857,2115,2117,0.006289308,0.0,318,320,false,2
1,BOS,ATL,SEA,,1,1989,1,7,15,0,451,DL,BOS,ATL,1518,1518,1802,1815,0.07926829,0.0,164,177,false,2,1989,1,7,15,0,184,DL,ATL,SEA,1857,1857,2115,2125,0.031446543,0.0,318,328,false,1
1,BOS,ATL,SEA,,1,1989,1,3,18,0,451,DL,BOS,ATL,1518,1518,1802,1803,0.0060975607,0.0,164,165,false,2,1989,1,3,18,0,184,DL,ATL,SEA,1857,1857,2115,2123,0.025157232,0.0,318,326,false,2
1,BOS,ATL,SEA,,1,1989,1,5,20,0,451,DL,BOS,ATL,1518,1518,1802,1812,0.06097561,0.0,164,174,false,2,1989,1,5,20,0,184,DL,ATL,SEA,1857,1857,2115,2110,0.0,0.0,318,313,false,2
1,BOS,ATL,SEA,,1,1989,1,2,24,0,451,DL,BOS,ATL,1518,1518,1802,1800,0.0,0.0,164,162,false,2,1989,1,2,24,0,184,DL,ATL,SEA,1857,1857,2115,2105,0.0,0.0,318,308,false,2
1,BOS,ATL,SEA,,1,1989,1,3,25,0,451,DL,BOS,ATL,1518,1518,1802,1803,0.0060975607,0.0,164,165,false,2,1989,1,3,25,0,184,DL,ATL,SEA,1857,1857,2115,2111,0.0,0.0,318,314,false,2
1,BOS,ATL,SEA,,1,1989,1,7,29,0,451,DL,BOS,ATL,1518,1524,1802,1805,0.018292682,0.036585364,164,161,false,2,1989,1,7,29,0,184,DL,ATL,SEA,1857,1857,2115,2115,0.0,0.0,318,318,false,2
1,BOS,ATL,SEA,,1,1989,1,1,30,0,451,DL,BOS,ATL,1518,1531,1802,1814,0.07317073,0.07926829,164,163,false,2,1989,1,1,30,0,184,DL,ATL,SEA,1857,1857,2115,2121,0.018867925,0.0,318,324,false,1
1,BOS,ATL,SEA,,1,1989,1,1,2,0,145,EA,BOS,ATL,1036,1050,1327,1330,0.01754386,0.081871346,171,160,false,2,1989,1,1,2,0,86,EA,ATL,SEA,1635,1635,1905,1919,0.042424243,0.0,330,344,false,2
1,BOS,ATL,SEA,,1,1989,1,6,7,0,145,EA,BOS,ATL,1036,1036,1327,1315,0.0,0.0,171,159,false,2,1989,1,6,7,0,184,DL,ATL,SEA,1857,1857,2115,2103,0.0,0.0,318,306,false,2
1,BOS,ATL,SEA,,1,1989,1,1,9,0,145,EA,BOS,ATL,1036,1036,1327,1338,0.064327486,0.0,171,182,false,2,1989,1,1,9,0,86,EA,ATL,SEA,1635,1635,1905,1912,0.021212121,0.0,330,337,false,2
1,BOS,ATL,SEA,,1,1989,1,5,13,0,145,EA,BOS,ATL,1036,1036,1327,1327,0.0,0.0,171,171,false,2,1989,1,5,13,0,184,DL,ATL,SEA,1857,1857,2115,2117,0.006289308,0.0,318,320,false,2
1,BOS,ATL,SEA,,1,1989,1,2,17,0,145,EA,BOS,ATL,1036,1036,1327,1309,0.0,0.0,171,153,false,2,1989,1,2,17,0,86,EA,ATL,SEA,1635,1635,1905,1918,0.03939394,0.0,330,343,false,2
1,BOS,ATL,SEA,,1,1989,1,3,18,0,145,EA,BOS,ATL,1036,1036,1327,1313,0.0,0.0,171,157,false,2,1989,1,3,18,0,184,DL,ATL,SEA,1857,1857,2115,2123,0.025157232,0.0,318,326,false,2
1,BOS,ATL,SEA,,1,1989,1,3,18,0,145,EA,BOS,ATL,1036,1036,1327,1313,0.0,0.0,171,157,false,2,1989,1,3,18,0,86,EA,ATL,SEA,1635,1643,1905,1917,0.036363635,0.024242423,330,334,false,2
1,BOS,ATL,SEA,,1,1989,1,4,19,0,145,EA,BOS,ATL,1036,1036,1327,1300,0.0,0.0,171,144,false,2,1989,1,4,19,0,184,DL,ATL,SEA,1857,1857,2115,2127,0.03773585,0.0,318,330,false,2
1,BOS,ATL,SEA,,1,1989,1,4,19,0,145,EA,BOS,ATL,1036,1036,1327,1300,0.0,0.0,171,144,false,2,1989,1,4,19,0,86,EA,ATL,SEA,1635,1652,1905,1910,0.015151516,0.05151515,330,318,false,2
1,BOS,ATL,SEA,,1,1989,1,5,20,0,145,EA,BOS,ATL,1036,1036,1327,1325,0.0,0.0,171,169,false,2,1989,1,5,20,0,184,DL,ATL,SEA,1857,1857,2115,2110,0.0,0.0,318,313,false,2
1,BOS,ATL,SEA,,1,1989,1,1,23,0,145,EA,BOS,ATL,1036,1036,1327,1318,0.0,0.0,171,162,false,2,1989,1,1,23,0,184,DL,ATL,SEA,1857,1857,2115,2102,0.0,0.0,318,305,false,2
1,BOS,ATL,SEA,,1,1989,1,2,24,0,145,EA,BOS,ATL,1036,1036,1327,1300,0.0,0.0,171,144,false,2,1989,1,2,24,0,184,DL,ATL,SEA,1857,1857,2115,2105,0.0,0.0,318,308,false,2
1,BOS,ATL,SEA,,1,1989,1,3,25,0,145,EA,BOS,ATL,1036,1036,1327,1310,0.0,0.0,171,154,false,2,1989,1,3,25,0,184,DL,ATL,SEA,1857,1857,2115,2111,0.0,0.0,318,314,false,2
1,BOS,ATL,SEA,,1,1989,1,6,28,0,145,EA,BOS,ATL,1036,1036,1327,1305,0.0,0.0,171,149,false,2,1989,1,6,28,0,184,DL,ATL,SEA,1857,1857,2115,2100,0.0,0.0,318,303,false,2
1,BOS,ATL,SEA,,1,1989,1,7,29,0,145,EA,BOS,ATL,1036,1036,1327,1302,0.0,0.0,171,146,false,2,1989,1,7,29,0,184,DL,ATL,SEA,1857,1857,2115,2115,0.0,0.0,318,318,false,2
1,BOS,ATL,SEA,,1,1989,1,2,31,0,145,EA,BOS,ATL,1036,1036,1327,1303,0.0,0.0,171,147,false,2,1989,1,2,31,0,184,DL,ATL,SEA,1857,1857,2115,2123,0.025157232,0.0,318,326,false,2
1,BOS,ATL,SEA,,1,1989,1,1,9,0,149,EA,BOS,ATL,0715,0715,1009,1019,0.057471264,0.0,174,184,false,2,1989,1,1,9,0,86,EA,ATL,SEA,1635,1635,1905,1912,0.021212121,0.0,330,337,false,2
1,BOS,ATL,SEA,,1,1989,1,2,17,0,149,EA,BOS,ATL,0715,0715,1009,1004,0.0,0.0,174,169,false,2,1989,1,2,17,0,86,EA,ATL,SEA,1635,1635,1905,1918,0.03939394,0.0,330,343,false,2
1,BOS,ATL,SEA,,1,1989,1,3,18,0,149,EA,BOS,ATL,0715,0715,1009,1007,0.0,0.0,174,172,false,2,1989,1,3,18,0,184,DL,ATL,SEA,1857,1857,2115,2123,0.025157232,0.0,318,326,false,2
1,BOS,ATL,SEA,,1,1989,1,3,18,0,149,EA,BOS,ATL,0715,0715,1009,1007,0.0,0.0,174,172,false,2,1989,1,3,18,0,86,EA,ATL,SEA,1635,1643,1905,1917,0.036363635,0.024242423,330,334,false,2
1,BOS,ATL,SEA,,1,1989,1,5,20,0,149,EA,BOS,ATL,0715,0715,1009,1000,0.0,0.0,174,165,false,2,1989,1,5,20,0,184,DL,ATL,SEA,1857,1857,2115,2110,0.0,0.0,318,313,false,2
1,BOS,ATL,SEA,,1,1989,1,5,20,0,647,EA,BOS,ATL,1408,1408,1704,1714,0.056818184,0.0,176,186,false,2,1989,1,5,20,0,184,DL,ATL,SEA,1857,1857,2115,2110,0.0,0.0,318,313,false,2
1,BOS,ATL,SEA,,1,1989,1,3,18,0,647,EA,BOS,ATL,1408,1408,1704,1700,0.0,0.0,176,172,false,2,1989,1,3,18,0,184,DL,ATL,SEA,1857,1857,2115,2123,0.025157232,0.0,318,326,false,2
1,BOS,ATL,SEA,,1,1989,1,7,15,0,647,EA,BOS,ATL,1408,1420,1704,1714,0.056818184,0.06818182,176,174,false,2,1989,1,7,15,0,184,DL,ATL,SEA,1857,1857,2115,2125,0.031446543,0.0,318,328,false,2
1,BOS,ATL,SEA,,1,1989,1,5,13,0,647,EA,BOS,ATL,1408,1408,1704,1703,0.0,0.0,176,175,false,2,1989,1,5,13,0,184,DL,ATL,SEA,1857,1857,2115,2117,0.006289308,0.0,318,320,false,2
1,BOS,ATL,SEA,,1,1989,1,2,31,0,629,EA,BOS,ATL,0845,0845,1140,1116,0.0,0.0,175,151,false,2,1989,1,2,31,0,184,DL,ATL,SEA,1857,1857,2115,2123,0.025157232,0.0,318,326,false,2
1,BOS,ATL,SEA,,1,1989,1,6,28,0,629,EA,BOS,ATL,0845,0845,1140,1133,0.0,0.0,175,168,false,2,1989,1,6,28,0,184,DL,ATL,SEA,1857,1857,2115,2100,0.0,0.0,318,303,false,2
1,BOS,ATL,SEA,,1,1989,1,5,27,0,629,EA,BOS,ATL,0845,0845,1140,1114,0.0,0.0,175,149,false,2,1989,1,5,27,0,184,DL,ATL,SEA,1857,1857,2115,2109,0.0,0.0,318,312,false,2
1,BOS,ATL,SEA,,1,1989,1,3,25,0,629,EA,BOS,ATL,0845,0845,1140,1125,0.0,0.0,175,160,false,2,1989,1,3,25,0,184,DL,ATL,SEA,1857,1857,2115,2111,0.0,0.0,318,314,false,2
1,BOS,ATL,SEA,,1,1989,1,2,24,0,629,EA,BOS,ATL,0845,0845,1140,1131,0.0,0.0,175,166,false,2,1989,1,2,24,0,184,DL,ATL,SEA,1857,1857,2115,2105,0.0,0.0,318,308,false,2
1,BOS,ATL,SEA,,1,1989,1,5,20,0,629,EA,BOS,ATL,0845,0845,1140,1147,0.04,0.0,175,182,false,2,1989,1,5,20,0,184,DL,ATL,SEA,1857,1857,2115,2110,0.0,0.0,318,313,false,2
1,BOS,ATL,SEA,,1,1989,1,4,19,0,629,EA,BOS,ATL,0845,0845,1140,1138,0.0,0.0,175,173,false,2,1989,1,4,19,0,184,DL,ATL,SEA,1857,1857,2115,2127,0.03773585,0.0,318,330,false,2
1,BOS,ATL,SEA,,1,1989,1,4,19,0,629,EA,BOS,ATL,0845,0845,1140,1138,0.0,0.0,175,173,false,2,1989,1,4,19,0,86,EA,ATL,SEA,1635,1652,1905,1910,0.015151516,0.05151515,330,318,false,2
1,BOS,ATL,SEA,,1,1989,1,3,18,0,629,EA,BOS,ATL,0845,0845,1140,1146,0.034285713,0.0,175,181,false,2,1989,1,3,18,0,184,DL,ATL,SEA,1857,1857,2115,2123,0.025157232,0.0,318,326,false,2
1,BOS,ATL,SEA,,1,1989,1,3,18,0,629,EA,BOS,ATL,0845,0845,1140,1146,0.034285713,0.0,175,181,false,2,1989,1,3,18,0,86,EA,ATL,SEA,1635,1643,1905,1917,0.036363635,0.024242423,330,334,false,2
1,BOS,ATL,SEA,,1,1989,1,2,17,0,629,EA,BOS,ATL,0845,0845,1140,1145,0.028571429,0.0,175,180,false,2,1989,1,2,17,0,86,EA,ATL,SEA,1635,1635,1905,1918,0.03939394,0.0,330,343,false,2
1,BOS,DFW,SEA,,1,1989,1,2,31,0,315,AA,BOS,DFW,0700,0659,1016,0954,0.0,0.0,256,235,false,2,1989,1,2,31,0,425,AA,DFW,SEA,1555,1558,1811,1821,0.0390625,0.01171875,256,263,false,2
1,BOS,DFW,SEA,,1,1989,1,2,31,0,315,AA,BOS,DFW,0700,0659,1016,0954,0.0,0.0,256,235,false,2,1989,1,2,31,0,583,AA,DFW,SEA,2154,2154,0011,0009,0.0,0.0,257,255,false,2
1,BOS,DFW,SEA,,1,1989,1,1,30,0,315,AA,BOS,DFW,0700,0700,1018,1007,0.0,0.0,258,247,false,2,1989,1,1,30,0,583,AA,DFW,SEA,2154,2154,0018,0008,0.0,0.0,264,254,false,2
1,BOS,DFW,SEA,,1,1989,1,1,30,0,315,AA,BOS,DFW,0700,0700,1018,1007,0.0,0.0,258,247,false,2,1989,1,1,30,0,425,AA,DFW,SEA,1555,1554,1812,1805,0.0,0.0,257,251,false,2
1,BOS,DFW,SEA,,1,1989,1,2,24,0,315,AA,BOS,DFW,0700,0700,1018,1005,0.0,0.0,258,245,false,2,1989,1,2,24,0,583,AA,DFW,SEA,2154,2159,0018,0004,0.0,0.018939395,264,245,false,2
1,BOS,DFW,SEA,,1,1989,1,2,24,0,315,AA,BOS,DFW,0700,0700,1018,1005,0.0,0.0,258,245,false,2,1989,1,2,24,0,425,AA,DFW,SEA,1555,1556,1812,1808,0.0,0.0038910506,257,252,false,2
1,BOS,DFW,SEA,,1,1989,1,3,18,0,315,AA,BOS,DFW,0700,0701,1018,1017,0.0,0.003875969,258,256,false,2,1989,1,3,18,0,425,AA,DFW,SEA,1555,1558,1812,1807,0.0,0.0116731515,257,249,false,2
1,BOS,DFW,SEA,,1,1989,1,3,18,0,315,AA,BOS,DFW,0700,0701,1018,1017,0.0,0.003875969,258,256,false,2,1989,1,3,18,0,583,AA,DFW,SEA,2154,2156,0018,0014,0.0,0.007575758,264,258,false,2
1,BOS,DFW,SEA,,1,1989,1,2,31,0,939,DL,BOS,DFW,1145,1145,1430,1422,0.0,0.0,225,217,false,2,1989,1,2,31,0,425,AA,DFW,SEA,1555,1558,1811,1821,0.0390625,0.01171875,256,263,false,2
1,BOS,DFW,SEA,,1,1989,1,2,31,0,939,DL,BOS,DFW,1145,1145,1430,1422,0.0,0.0,225,217,false,2,1989,1,2,31,0,583,AA,DFW,SEA,2154,2154,0011,0009,0.0,0.0,257,255,false,2
1,BOS,DFW,SEA,,1,1989,1,7,29,0,939,DL,BOS,DFW,1145,1145,1430,1444,0.062222224,0.0,225,239,false,2,1989,1,7,29,0,583,AA,DFW,SEA,2154,2154,0018,0013,0.0,0.0,264,259,false,2
1,BOS,DFW,SEA,,1,1989,1,7,29,0,939,DL,BOS,DFW,1145,1145,1430,1444,0.062222224,0.0,225,239,false,2,1989,1,7,29,0,425,AA,DFW,SEA,1555,1555,1812,1800,0.0,0.0,257,245,false,2
1,BOS,DFW,SEA,,1,1989,1,2,24,0,939,DL,BOS,DFW,1145,1145,1430,1429,0.0,0.0,225,224,false,2,1989,1,2,24,0,583,AA,DFW,SEA,2154,2159,0018,0004,0.0,0.018939395,264,245,false,2
1,BOS,DFW,SEA,,1,1989,1,2,24,0,939,DL,BOS,DFW,1145,1145,1430,1429,0.0,0.0,225,224,false,2,1989,1,2,24,0,425,AA,DFW,SEA,1555,1556,1812,1808,0.0,0.0038910506,257,252,false,2
1,BOS,DFW,SEA,,1,1989,1,1,23,0,939,DL,BOS,DFW,1145,1145,1430,1426,0.0,0.0,225,221,false,2,1989,1,1,23,0,425,AA,DFW,SEA,1555,1556,1812,1800,0.0,0.0038910506,257,244,false,2
1,BOS,DFW,SEA,,1,1989,1,7,22,0,939,DL,BOS,DFW,1145,1145,1430,1432,0.008888889,0.0,225,227,false,2,1989,1,7,22,0,583,AA,DFW,SEA,2154,2154,0018,0005,0.0,0.0,264,251,false,2
1,BOS,DFW,SEA,,1,1989,1,7,22,0,939,DL,BOS,DFW,1145,1145,1430,1432,0.008888889,0.0,225,227,false,2,1989,1,7,22,0,425,AA,DFW,SEA,1555,1556,1812,1804,0.0,0.0038910506,257,248,false,2
1,BOS,DFW,SEA,,1,1989,1,6,21,0,939,DL,BOS,DFW,1145,1145,1430,1418,0.0,0.0,225,213,false,2,1989,1,6,21,0,425,AA,DFW,SEA,1555,1557,1812,1816,0.015564202,0.007782101,257,259,false,2
1,BOS,DFW,SEA,,1,1989,1,5,20,0,939,DL,BOS,DFW,1145,1145,1430,1440,0.044444446,0.0,225,235,false,2,1989,1,5,20,0,583,AA,DFW,SEA,2154,2154,0018,0009,0.0,0.0,264,255,false,2
1,BOS,DFW,SEA,,1,1989,1,3,18,0,939,DL,BOS,DFW,1145,1145,1430,1443,0.057777777,0.0,225,238,false,2,1989,1,3,18,0,425,AA,DFW,SEA,1555,1558,1812,1807,0.0,0.0116731515,257,249,false,2
1,BOS,DFW,SEA,,1,1989,1,3,18,0,939,DL,BOS,DFW,1145,1145,1430,1443,0.057777777,0.0,225,238,false,2,1989,1,3,18,0,583,AA,DFW,SEA,2154,2156,0018,0014,0.0,0.007575758,264,258,false,2
1,BOS,DFW,SEA,,1,1989,1,2,17,0,939,DL,BOS,DFW,1145,1145,1430,1440,0.044444446,0.0,225,235,false,2,1989,1,2,17,0,425,AA,DFW,SEA,1555,1556,1812,1816,0.015564202,0.0038910506,257,260,false,2
1,BOS,DFW,SEA,,1,1989,1,2,17,0,939,DL,BOS,DFW,1145,1145,1430,1440,0.044444446,0.0,225,235,false,2,1989,1,2,17,0,583,AA,DFW,SEA,2154,2154,0018,0016,0.0,0.0,264,262,false,2
1,BOS,DFW,SEA,,1,1989,1,2,10,0,939,DL,BOS,DFW,1145,1145,1430,1438,0.035555556,0.0,225,233,false,2,1989,1,2,10,0,425,AA,DFW,SEA,1555,1556,1812,1809,0.0,0.0038910506,257,253,false,2
1,BOS,DFW,SEA,,1,1989,1,2,10,0,939,DL,BOS,DFW,1145,1145,1430,1438,0.035555556,0.0,225,233,false,2,1989,1,2,10,0,583,AA,DFW,SEA,2154,2154,0018,0005,0.0,0.0,264,251,false,2
1,BOS,DFW,SEA,,1,1989,1,5,6,0,939,DL,BOS,DFW,1145,1145,1430,1440,0.044444446,0.0,225,235,false,2,1989,1,5,6,0,583,AA,DFW,SEA,2154,2158,0018,0007,0.0,0.015151516,264,249,false,2
1,BOS,DFW,SEA,,1,1989,1,7,1,0,939,DL,BOS,DFW,1145,1145,1430,1425,0.0,0.0,225,220,false,2,1989,1,7,1,0,425,AA,DFW,SEA,1555,1559,1812,1823,0.042801555,0.015564202,257,264,false,2
1,BOS,DFW,SEA,,1,1989,1,7,1,0,939,DL,BOS,DFW,1145,1145,1430,1425,0.0,0.0,225,220,false,2,1989,1,7,1,0,583,AA,DFW,SEA,2154,2159,0018,0023,0.018939395,0.018939395,264,264,false,2
1,BOS,DFW,SEA,,1,1989,1,7,15,0,263,AA,BOS,DFW,1423,1422,1742,1747,0.019305019,0.0,259,265,false,2,1989,1,7,15,0,583,AA,DFW,SEA,2154,2156,0018,0028,0.03787879,0.007575758,264,272,false,2
1,BOS,DFW,SEA,,1,1989,1,2,10,0,263,AA,BOS,DFW,1423,1420,1742,1748,0.023166023,0.0,259,268,false,2,1989,1,2,10,0,583,AA,DFW,SEA,2154,2154,0018,0005,0.0,0.0,264,251,false,2
1,BOS,DFW,SEA,,1,1989,1,7,8,0,263,AA,BOS,DFW,1423,1424,1742,1743,0.0038610038,0.0038610038,259,259,false,2,1989,1,7,8,0,583,AA,DFW,SEA,2154,2155,0018,0024,0.022727273,0.003787879,264,269,false,2
1,BOS,DFW,SEA,,1,1989,1,5,6,0,263,AA,BOS,DFW,1423,1423,1742,1722,0.0,0.0,259,239,false,2,1989,1,5,6,0,583,AA,DFW,SEA,2154,2158,0018,0007,0.0,0.015151516,264,249,false,2
1,BOS,DFW,SEA,,1,1989,1,4,5,0,263,AA,BOS,DFW,1423,1428,1742,1725,0.0,0.019305019,259,237,false,2,1989,1,4,5,0,583,AA,DFW,SEA,2154,2155,0018,0005,0.0,0.003787879,264,250,false,2
1,BOS,DFW,SEA,,1,1989,1,7,1,0,263,AA,BOS,DFW,1423,1423,1742,1733,0.0,0.0,259,250,false,2,1989,1,7,1,0,583,AA,DFW,SEA,2154,2159,0018,0023,0.018939395,0.018939395,264,264,false,2
1,BOS,DFW,SEA,,1,1989,1,1,30,0,831,DL,BOS,DFW,0800,0800,1102,1105,0.012396694,0.0,242,245,false,2,1989,1,1,30,0,583,AA,DFW,SEA,2154,2154,0018,0008,0.0,0.0,264,254,false,2
1,BOS,DFW,SEA,,1,1989,1,1,30,0,831,DL,BOS,DFW,0800,0800,1102,1105,0.012396694,0.0,242,245,false,2,1989,1,1,30,0,425,AA,DFW,SEA,1555,1554,1812,1805,0.0,0.0,257,251,false,2
1,BOS,DFW,SEA,,1,1989,1,4,19,0,831,DL,BOS,DFW,0800,0800,1102,1100,0.0,0.0,242,240,false,2,1989,1,4,19,0,583,AA,DFW,SEA,2154,2155,0018,0013,0.0,0.003787879,264,258,false,2
1,BOS,DFW,SEA,,1,1989,1,3,18,0,831,DL,BOS,DFW,0800,0800,1102,1110,0.03305785,0.0,242,250,false,2,1989,1,3,18,0,425,AA,DFW,SEA,1555,1558,1812,1807,0.0,0.0116731515,257,249,false,2
1,BOS,DFW,SEA,,1,1989,1,3,18,0,831,DL,BOS,DFW,0800,0800,1102,1110,0.03305785,0.0,242,250,false,2,1989,1,3,18,0,583,AA,DFW,SEA,2154,2156,0018,0014,0.0,0.007575758,264,258,false,2
1,BOS,DFW,SEA,,1,1989,1,2,17,0,831,DL,BOS,DFW,0800,0811,1102,1107,0.020661157,0.045454547,242,236,false,2,1989,1,2,17,0,425,AA,DFW,SEA,1555,1556,1812,1816,0.015564202,0.0038910506,257,260,false,2
1,BOS,DFW,SEA,,1,1989,1,2,17,0,831,DL,BOS,DFW,0800,0811,1102,1107,0.020661157,0.045454547,242,236,false,2,1989,1,2,17,0,583,AA,DFW,SEA,2154,2154,0018,0016,0.0,0.0,264,262,false,2
1,BOS,DFW,SEA,,1,1989,1,3,11,0,831,DL,BOS,DFW,0800,0800,1102,1101,0.0,0.0,242,241,false,2,1989,1,3,11,0,425,AA,DFW,SEA,1555,1558,1812,1811,0.0,0.0116731515,257,253,false,2
1,BOS,DFW,SEA,,1,1989,1,6,7,0,831,DL,BOS,DFW,0800,0810,1102,1115,0.053719006,0.041322313,242,245,false,2,1989,1,6,7,0,425,AA,DFW,SEA,1555,1557,1812,1820,0.031128405,0.007782101,257,263,false,2
1,BOS,DFW,SEA,,1,1989,1,5,6,0,831,DL,BOS,DFW,0800,0812,1102,1105,0.012396694,0.049586777,242,233,false,2,1989,1,5,6,0,583,AA,DFW,SEA,2154,2158,0018,0007,0.0,0.015151516,264,249,false,2
1,BOS,DFW,SEA,,1,1989,1,7,1,0,697,DL,BOS,DFW,1505,1505,1801,1804,0.012711864,0.0,236,239,false,2,1989,1,7,1,0,583,AA,DFW,SEA,2154,2159,0018,0023,0.018939395,0.018939395,264,264,false,2
1,BOS,DFW,SEA,,1,1989,1,5,6,0,697,DL,BOS,DFW,1505,1505,1801,1815,0.059322033,0.0,236,250,false,2,1989,1,5,6,0,583,AA,DFW,SEA,2154,2158,0018,0007,0.0,0.015151516,264,249,false,2
1,BOS,DFW,SEA,,1,1989,1,2,17,0,697,DL,BOS,DFW,1505,1505,1801,1814,0.055084746,0.0,236,249,false,2,1989,1,2,17,0,583,AA,DFW,SEA,2154,2154,0018,0016,0.0,0.0,264,262,false,2
1,BOS,DFW,SEA,,1,1989,1,1,30,0,697,DL,BOS,DFW,1505,1505,1801,1802,0.004237288,0.0,236,237,false,2,1989,1,1,30,0,583,AA,DFW,SEA,2154,2154,0018,0008,0.0,0.0,264,254,false,2
1,BOS,DFW,SEA,,1,1989,1,2,31,0,1137,AA,BOS,DFW,1745,1744,2055,2036,0.0,0.0,250,232,false,2,1989,1,2,31,0,583,AA,DFW,SEA,2154,2154,0011,0009,0.0,0.0,257,255,false,2
1,BOS,DFW,SEA,,1,1989,1,7,22,0,263,AA,BOS,DFW,1423,1422,1742,1715,0.0,0.0,259,233,false,2,1989,1,7,22,0,583,AA,DFW,SEA,2154,2154,0018,0005,0.0,0.0,264,251,false,2
1,BOS,DFW,SEA,,1,1989,1,5,20,0,263,AA,BOS,DFW,1423,1422,1742,1732,0.0,0.0,259,250,false,2,1989,1,5,20,0,583,AA,DFW,SEA,2154,2154,0018,0009,0.0,0.0,264,255,false,2
1,BOS,DFW,SEA,,1,1989,1,4,19,0,263,AA,BOS,DFW,1423,1422,1742,1730,0.0,0.0,259,248,false,2,1989,1,4,19,0,583,AA,DFW,SEA,2154,2155,0018,0013,0.0,0.003787879,264,258,false,2
1,BOS,DFW,SEA,,1,1989,1,3,18,0,263,AA,BOS,DFW,1423,1426,1742,1731,0.0,0.011583012,259,245,false,2,1989,1,3,18,0,583,AA,DFW,SEA,2154,2156,0018,0014,0.0,0.007575758,264,258,false,2
1,BOS,DFW,SEA,,1,1989,1,2,17,0,263,AA,BOS,DFW,1423,1425,1742,1753,0.042471044,0.0077220076,259,268,false,2,1989,1,2,17,0,583,AA,DFW,SEA,2154,2154,0018,0016,0.0,0.0,264,262,false,2
1,BOS,DFW,SEA,,1,1989,1,1,16,0,263,AA,BOS,DFW,1423,1421,1742,1755,0.05019305,0.0,259,274,false,2,1989,1,1,16,0,583,AA,DFW,SEA,2154,2153,0018,0022,0.015151516,0.0,264,269,false,2
1,BOS,DFW,SEA,,1,1989,1,2,24,0,263,AA,BOS,DFW,1423,1427,1742,1743,0.0038610038,0.015444015,259,256,false,2,1989,1,2,24,0,583,AA,DFW,SEA,2154,2159,0018,0004,0.0,0.018939395,264,245,false,2
1,BOS,DFW,SEA,,1,1989,1,1,30,0,263,AA,BOS,DFW,1423,1423,1742,1734,0.0,0.0,259,251,false,2,1989,1,1,30,0,583,AA,DFW,SEA,2154,2154,0018,0008,0.0,0.0,264,254,false,2
1,BOS,DFW,SEA,,1,1989,1,2,31,0,263,AA,BOS,DFW,1432,1453,1740,1749,0.03629032,0.08467742,248,236,false,2,1989,1,2,31,0,583,AA,DFW,SEA,2154,2154,0011,0009,0.0,0.0,257,255,false,2
1,BOS,DFW,SEA,,1,1989,1,7,1,0,315,AA,BOS,DFW,0700,0700,1018,1007,0.0,0.0,258,247,false,2,1989,1,7,1,0,425,AA,DFW,SEA,1555,1559,1812,1823,0.042801555,0.015564202,257,264,false,2
1,BOS,DFW,SEA,,1,1989,1,7,1,0,315,AA,BOS,DFW,0700,0700,1018,1007,0.0,0.0,258,247,false,2,1989,1,7,1,0,583,AA,DFW,SEA,2154,2159,0018,0023,0.018939395,0.018939395,264,264,false,2
1,BOS,DFW,SEA,,1,1989,1,6,7,0,315,AA,BOS,DFW,0700,0702,1018,1024,0.023255814,0.007751938,258,262,false,2,1989,1,6,7,0,425,AA,DFW,SEA,1555,1557,1812,1820,0.031128405,0.007782101,257,263,false,2
1,BOS,DFW,SEA,,1,1989,1,2,10,0,315,AA,BOS,DFW,0700,0700,1018,1028,0.03875969,0.0,258,268,false,2,1989,1,2,10,0,425,AA,DFW,SEA,1555,1556,1812,1809,0.0,0.0038910506,257,253,false,2
1,BOS,DFW,SEA,,1,1989,1,2,10,0,315,AA,BOS,DFW,0700,0700,1018,1028,0.03875969,0.0,258,268,false,2,1989,1,2,10,0,583,AA,DFW,SEA,2154,2154,0018,0005,0.0,0.0,264,251,false,2
1,BOS,IAH,SEA,,1,1989,1,4,19,0,1187,CO,BOS,IAH,1100,1100,1413,1416,0.011857707,0.0,253,256,false,2,1989,1,4,19,0,465,CO,IAH,SEA,1735,1735,2016,2013,0.0,0.0,281,278,false,2
1,BOS,IAH,SEA,,1,1989,1,3,11,0,1187,CO,BOS,IAH,1100,1100,1413,1422,0.03557312,0.0,253,262,false,2,1989,1,3,11,0,465,CO,IAH,SEA,1735,1732,2016,2013,0.0,0.0,281,281,false,2
1,BOS,IAH,SEA,,1,1989,1,2,10,0,1187,CO,BOS,IAH,1100,1103,1425,1436,0.041509435,0.011320755,265,273,false,2,1989,1,2,10,0,465,CO,IAH,SEA,1735,1735,2016,2012,0.0,0.0,281,277,false,2
1,BOS,IAH,SEA,,1,1989,1,6,7,0,1187,CO,BOS,IAH,1100,1101,1425,1429,0.01509434,0.003773585,265,268,false,2,1989,1,6,7,0,465,CO,IAH,SEA,1735,1735,2007,2008,0.0036764706,0.0,272,273,false,2
1,BOS,IAH,SEA,,1,1989,1,4,5,0,1187,CO,BOS,IAH,1100,1101,1425,1417,0.0,0.003773585,265,256,false,2,1989,1,4,5,0,465,CO,IAH,SEA,1735,1732,2007,2005,0.0,0.0,272,273,false,2
1,BOS,IAH,SEA,,1,1989,1,2,3,0,1187,CO,BOS,IAH,1100,1103,1425,1427,0.00754717,0.011320755,265,264,false,2,1989,1,2,3,0,465,CO,IAH,SEA,1735,1735,2007,2016,0.033088237,0.0,272,281,false,2
1,BOS,IAH,SEA,,1,1989,1,2,31,0,717,CO,BOS,IAH,0915,0915,1235,1222,0.0,0.0,260,247,false,2,1989,1,2,31,0,465,CO,IAH,SEA,1735,1734,2016,2028,0.042704627,0.0,281,294,false,2
1,BOS,IAH,SEA,,1,1989,1,7,29,0,717,CO,BOS,IAH,0915,0914,1235,1245,0.03846154,0.0,260,271,false,2,1989,1,7,29,0,465,CO,IAH,SEA,1735,1732,2016,2012,0.0,0.0,281,280,false,2
1,BOS,IAH,SEA,,1,1989,1,5,27,0,717,CO,BOS,IAH,0915,0915,1235,1221,0.0,0.0,260,246,false,2,1989,1,5,27,0,465,CO,IAH,SEA,1735,1740,2016,2010,0.0,0.017793594,281,270,false,2
1,BOS,IAH,SEA,,1,1989,1,2,24,0,717,CO,BOS,IAH,0915,0915,1235,1225,0.0,0.0,260,250,false,2,1989,1,2,24,0,465,CO,IAH,SEA,1735,1734,2016,2011,0.0,0.0,281,277,false,2
1,BOS,IAH,SEA,,1,1989,1,1,23,0,717,CO,BOS,IAH,0915,0914,1235,1222,0.0,0.0,260,248,false,2,1989,1,1,23,0,465,CO,IAH,SEA,1735,1733,2016,2004,0.0,0.0,281,271,false,2
1,BOS,IAH,SEA,,1,1989,1,7,22,0,717,CO,BOS,IAH,0915,0915,1235,1225,0.0,0.0,260,250,false,2,1989,1,7,22,0,465,CO,IAH,SEA,1735,1735,2016,2009,0.0,0.0,281,274,false,2
1,BOS,IAH,SEA,,1,1989,1,4,19,0,717,CO,BOS,IAH,0915,0916,1235,1239,0.015384615,0.0038461538,260,263,false,2,1989,1,4,19,0,465,CO,IAH,SEA,1735,1735,2016,2013,0.0,0.0,281,278,false,2
1,BOS,IAH,SEA,,1,1989,1,2,17,0,717,CO,BOS,IAH,0915,0915,1235,1242,0.026923077,0.0,260,267,false,2,1989,1,2,17,0,465,CO,IAH,SEA,1735,1731,2016,2030,0.049822062,0.0,281,299,false,2
1,BOS,IAH,SEA,,1,1989,1,4,12,0,717,CO,BOS,IAH,0915,0915,1235,1242,0.026923077,0.0,260,267,false,2,1989,1,4,12,0,465,CO,IAH,SEA,1735,1736,2016,2018,0.0071174377,0.0035587188,281,282,false,2
1,BOS,IAH,SEA,,1,1989,1,3,11,0,717,CO,BOS,IAH,0915,0915,1235,1222,0.0,0.0,260,247,false,2,1989,1,3,11,0,465,CO,IAH,SEA,1735,1732,2016,2013,0.0,0.0,281,281,false,2
1,BOS,IAH,SEA,,1,1989,1,6,7,0,717,CO,BOS,IAH,0915,0917,1235,1248,0.05,0.0076923077,260,271,false,2,1989,1,6,7,0,465,CO,IAH,SEA,1735,1735,2007,2008,0.0036764706,0.0,272,273,false,2
1,BOS,IAH,SEA,,1,1989,1,5,6,0,717,CO,BOS,IAH,0915,0920,1235,1239,0.015384615,0.01923077,260,259,false,2,1989,1,5,6,0,465,CO,IAH,SEA,1735,1740,2007,2007,0.0,0.018382354,272,267,false,2
1,BOS,IAH,SEA,,1,1989,1,2,3,0,717,CO,BOS,IAH,0915,0917,1235,1249,0.053846154,0.0076923077,260,272,false,2,1989,1,2,3,0,465,CO,IAH,SEA,1735,1735,2007,2016,0.033088237,0.0,272,281,false,2
1,BOS,IAH,SEA,,1,1989,1,5,27,0,1187,CO,BOS,IAH,1100,1058,1413,1359,0.0,0.0,253,241,false,2,1989,1,5,27,0,465,CO,IAH,SEA,1735,1740,2016,2010,0.0,0.017793594,281,270,false,2
1,BOS,LAX,SEA,,1,1989,1,1,30,0,853,TW,BOS,LAX,1735,1733,2044,2013,0.0,0.0,369,340,false,2,1989,1,2,31,0,2803,US,LAX,SEA,0750,0750,1026,1025,0.0,0.0,156,155,false,2
1,BOS,LAX,SEA,,1,1989,1,1,30,0,853,TW,BOS,LAX,1735,1733,2044,2013,0.0,0.0,369,340,false,2,1989,1,2,31,0,91,AS,LAX,SEA,0755,0755,1030,1040,0.06451613,0.0,155,165,false,2
1,BOS,LAX,SEA,,1,1989,1,3,4,0,11,AA,BOS,LAX,0900,0909,1228,1231,0.0077319588,0.023195876,388,382,false,2,1989,1,3,4,0,1761,DL,LAX,SEA,1650,1650,1912,1915,0.02112676,0.0,142,145,false,2
1,BOS,LAX,SEA,,1,1989,1,3,4,0,11,AA,BOS,LAX,0900,0909,1228,1231,0.0077319588,0.023195876,388,382,false,2,1989,1,3,4,0,2831,US,LAX,SEA,1845,1852,2126,2118,0.0,0.04347826,161,146,false,2
1,BOS,LAX,SEA,,1,1989,1,3,4,0,11,AA,BOS,LAX,0900,0909,1228,1231,0.0077319588,0.023195876,388,382,false,2,1989,1,3,4,0,1711,DL,LAX,SEA,1955,1955,2226,2220,0.0,0.0,151,145,false,2
1,BOS,LAX,SEA,,1,1989,1,3,4,0,11,AA,BOS,LAX,0900,0909,1228,1231,0.0077319588,0.023195876,388,382,false,2,1989,1,3,4,0,213,AS,LAX,SEA,1435,1435,1710,1702,0.0,0.0,155,147,false,2
1,BOS,LAX,SEA,,1,1989,1,3,4,0,11,AA,BOS,LAX,0900,0909,1228,1231,0.0077319588,0.023195876,388,382,false,2,1989,1,3,4,0,719,DL,LAX,SEA,1750,1750,2023,2013,0.0,0.0,153,143,false,2
1,BOS,LAX,SEA,,1,1989,1,5,6,0,11,AA,BOS,LAX,0900,0902,1228,1233,0.012886598,0.005154639,388,391,false,2,1989,1,5,6,0,2831,US,LAX,SEA,1845,1849,2126,2121,0.0,0.024844721,161,152,false,2
1,BOS,LAX,SEA,,1,1989,1,5,6,0,11,AA,BOS,LAX,0900,0902,1228,1233,0.012886598,0.005154639,388,391,false,2,1989,1,5,6,0,1725,DL,LAX,SEA,2150,2157,0015,0015,0.0,0.048275862,145,138,false,2
1,BOS,LAX,SEA,,1,1989,1,5,6,0,11,AA,BOS,LAX,0900,0902,1228,1233,0.012886598,0.005154639,388,391,false,2,1989,1,5,6,0,1711,DL,LAX,SEA,1955,1955,2226,2223,0.0,0.0,151,148,false,2
1,BOS,LAX,SEA,,1,1989,1,5,6,0,11,AA,BOS,LAX,0900,0902,1228,1233,0.012886598,0.005154639,388,391,false,2,1989,1,5,6,0,99,AS,LAX,SEA,1750,1750,2021,2025,0.026490066,0.0,151,155,false,2
1,BOS,LAX,SEA,,1,1989,1,5,6,0,11,AA,BOS,LAX,0900,0902,1228,1233,0.012886598,0.005154639,388,391,false,2,1989,1,5,6,0,719,DL,LAX,SEA,1750,1755,2023,2025,0.013071896,0.03267974,153,150,false,2
1,BOS,LAX,SEA,,1,1989,1,5,13,0,11,AA,BOS,LAX,0900,0905,1228,1209,0.0,0.012886598,388,364,false,2,1989,1,5,13,0,2831,US,LAX,SEA,1845,1858,2126,2132,0.03726708,0.08074534,161,154,false,2
1,BOS,LAX,SEA,,1,1989,1,5,13,0,11,AA,BOS,LAX,0900,0905,1228,1209,0.0,0.012886598,388,364,false,2,1989,1,5,13,0,1711,DL,LAX,SEA,1955,1955,2226,2226,0.0,0.0,151,151,false,2
1,BOS,LAX,SEA,,1,1989,1,5,13,0,11,AA,BOS,LAX,0900,0905,1228,1209,0.0,0.012886598,388,364,false,2,1989,1,5,13,0,99,AS,LAX,SEA,1750,1750,2021,2029,0.052980132,0.0,151,159,false,2
1,BOS,LAX,SEA,,1,1989,1,2,17,0,11,AA,BOS,LAX,0900,0900,1228,1215,0.0,0.0,388,375,false,2,1989,1,2,17,0,1725,DL,LAX,SEA,2150,2150,0015,0007,0.0,0.0,145,137,false,2
1,BOS,LAX,SEA,,1,1989,1,2,17,0,11,AA,BOS,LAX,0900,0900,1228,1215,0.0,0.0,388,375,false,2,1989,1,2,17,0,2831,US,LAX,SEA,1845,1844,2126,2119,0.0,0.0,161,155,false,2
1,BOS,LAX,SEA,,1,1989,1,2,17,0,11,AA,BOS,LAX,0900,0900,1228,1215,0.0,0.0,388,375,false,2,1989,1,2,17,0,1711,DL,LAX,SEA,1955,1955,2226,2220,0.0,0.0,151,145,false,2
1,BOS,LAX,SEA,,1,1989,1,2,17,0,11,AA,BOS,LAX,0900,0900,1228,1215,0.0,0.0,388,375,false,2,1989,1,2,17,0,99,AS,LAX,SEA,1750,1750,2021,2023,0.013245033,0.0,151,153,false,2
1,BOS,LAX,SEA,,1,1989,1,2,17,0,11,AA,BOS,LAX,0900,0900,1228,1215,0.0,0.0,388,375,false,2,1989,1,2,17,0,213,AS,LAX,SEA,1435,1435,1710,1705,0.0,0.0,155,150,false,2
1,BOS,LAX,SEA,,1,1989,1,3,18,0,11,AA,BOS,LAX,0900,0901,1228,1210,0.0,0.0025773195,388,369,false,2,1989,1,3,18,0,1761,DL,LAX,SEA,1650,1650,1912,1910,0.0,0.0,142,140,false,2
1,BOS,LAX,SEA,,1,1989,1,3,18,0,11,AA,BOS,LAX,0900,0901,1228,1210,0.0,0.0025773195,388,369,false,2,1989,1,3,18,0,1725,DL,LAX,SEA,2150,2150,0015,0012,0.0,0.0,145,142,false,2
1,BOS,LAX,SEA,,1,1989,1,3,18,0,11,AA,BOS,LAX,0900,0901,1228,1210,0.0,0.0025773195,388,369,false,2,1989,1,3,18,0,2831,US,LAX,SEA,1845,1846,2126,2110,0.0,0.0062111802,161,144,false,2
1,BOS,LAX,SEA,,1,1989,1,3,18,0,11,AA,BOS,LAX,0900,0901,1228,1210,0.0,0.0025773195,388,369,false,2,1989,1,3,18,0,1711,DL,LAX,SEA,1955,1955,2226,2226,0.0,0.0,151,151,false,2
1,BOS,LAX,SEA,,1,1989,1,3,18,0,11,AA,BOS,LAX,0900,0901,1228,1210,0.0,0.0025773195,388,369,false,2,1989,1,3,18,0,99,AS,LAX,SEA,1750,1750,2021,2020,0.0,0.0,151,150,false,2
1,BOS,LAX,SEA,,1,1989,1,3,18,0,11,AA,BOS,LAX,0900,0901,1228,1210,0.0,0.0025773195,388,369,false,2,1989,1,3,18,0,213,AS,LAX,SEA,1435,1455,1710,1720,0.06451613,0.12903225,155,145,false,2
1,BOS,LAX,SEA,,1,1989,1,3,18,0,11,AA,BOS,LAX,0900,0901,1228,1210,0.0,0.0025773195,388,369,false,2,1989,1,3,18,0,719,DL,LAX,SEA,1750,1750,2023,2016,0.0,0.0,153,146,false,2
1,BOS,LAX,SEA,,1,1989,1,4,19,0,11,AA,BOS,LAX,0900,0900,1228,1209,0.0,0.0,388,369,false,2,1989,1,4,19,0,2831,US,LAX,SEA,1845,1849,2126,2119,0.0,0.024844721,161,150,false,2
1,BOS,LAX,SEA,,1,1989,1,4,19,0,11,AA,BOS,LAX,0900,0900,1228,1209,0.0,0.0,388,369,false,2,1989,1,4,19,0,99,AS,LAX,SEA,1750,1750,2021,2015,0.0,0.0,151,145,false,2
1,BOS,LAX,SEA,,1,1989,1,4,19,0,11,AA,BOS,LAX,0900,0900,1228,1209,0.0,0.0,388,369,false,2,1989,1,4,19,0,719,DL,LAX,SEA,1750,1750,2023,2008,0.0,0.0,153,138,false,2
1,BOS,LAX,SEA,,1,1989,1,5,20,0,11,AA,BOS,LAX,0900,0900,1228,1203,0.0,0.0,388,363,false,2,1989,1,5,20,0,1761,DL,LAX,SEA,1650,1650,1912,1914,0.014084507,0.0,142,144,false,2
1,BOS,LAX,SEA,,1,1989,1,5,20,0,11,AA,BOS,LAX,0900,0900,1228,1203,0.0,0.0,388,363,false,2,1989,1,5,20,0,1725,DL,LAX,SEA,2150,2150,0015,0005,0.0,0.0,145,135,false,2
1,BOS,LAX,SEA,,1,1989,1,5,20,0,11,AA,BOS,LAX,0900,0900,1228,1203,0.0,0.0,388,363,false,2,1989,1,5,20,0,2831,US,LAX,SEA,1845,1854,2126,2126,0.0,0.055900622,161,152,false,2
1,BOS,LAX,SEA,,1,1989,1,5,20,0,11,AA,BOS,LAX,0900,0900,1228,1203,0.0,0.0,388,363,false,2,1989,1,5,20,0,99,AS,LAX,SEA,1750,1757,2021,2020,0.0,0.046357617,151,143,false,2
1,BOS,LAX,SEA,,1,1989,1,5,20,0,11,AA,BOS,LAX,0900,0900,1228,1203,0.0,0.0,388,363,false,2,1989,1,5,20,0,213,AS,LAX,SEA,1435,1435,1710,1701,0.0,0.0,155,146,false,2
1,BOS,LAX,SEA,,1,1989,1,5,20,0,11,AA,BOS,LAX,0900,0900,1228,1203,0.0,0.0,388,363,false,2,1989,1,5,20,0,719,DL,LAX,SEA,1750,1759,2023,2033,0.06535948,0.05882353,153,154,false,2
1,BOS,LAX,SEA,,1,1989,1,7,22,0,11,AA,BOS,LAX,0900,0904,1228,1208,0.0,0.010309278,388,364,false,2,1989,1,7,22,0,1761,DL,LAX,SEA,1650,1650,1912,1911,0.0,0.0,142,141,false,2
1,BOS,LAX,SEA,,1,1989,1,7,22,0,11,AA,BOS,LAX,0900,0904,1228,1208,0.0,0.010309278,388,364,false,2,1989,1,7,22,0,2831,US,LAX,SEA,1845,1846,2126,2107,0.0,0.0062111802,161,141,false,2
1,BOS,LAX,SEA,,1,1989,1,7,22,0,11,AA,BOS,LAX,0900,0904,1228,1208,0.0,0.010309278,388,364,false,2,1989,1,7,22,0,99,AS,LAX,SEA,1750,1750,2021,2020,0.0,0.0,151,150,false,2
1,BOS,LAX,SEA,,1,1989,1,7,22,0,11,AA,BOS,LAX,0900,0904,1228,1208,0.0,0.010309278,388,364,false,2,1989,1,7,22,0,213,AS,LAX,SEA,1435,1435,1710,1702,0.0,0.0,155,147,false,2
1,BOS,LAX,SEA,,1,1989,1,1,23,0,11,AA,BOS,LAX,0900,0901,1228,1234,0.0154639175,0.0025773195,388,393,false,2,1989,1,1,23,0,2831,US,LAX,SEA,1845,1848,2126,2130,0.024844721,0.01863354,161,162,false,2
1,BOS,LAX,SEA,,1,1989,1,1,23,0,11,AA,BOS,LAX,0900,0901,1228,1234,0.0154639175,0.0025773195,388,393,false,2,1989,1,1,23,0,1711,DL,LAX,SEA,1955,1955,2226,2231,0.03311258,0.0,151,156,false,2
1,BOS,LAX,SEA,,1,1989,1,1,23,0,11,AA,BOS,LAX,0900,0901,1228,1234,0.0154639175,0.0025773195,388,393,false,2,1989,1,1,23,0,99,AS,LAX,SEA,1750,1750,2021,2035,0.09271523,0.0,151,165,false,2
1,BOS,LAX,SEA,,1,1989,1,1,23,0,11,AA,BOS,LAX,0900,0901,1228,1234,0.0154639175,0.0025773195,388,393,false,2,1989,1,1,23,0,719,DL,LAX,SEA,1750,1750,2023,2037,0.09150327,0.0,153,167,false,2
1,BOS,LAX,SEA,,1,1989,1,3,25,0,11,AA,BOS,LAX,0900,0901,1228,1206,0.0,0.0025773195,388,365,false,2,1989,1,3,25,0,2831,US,LAX,SEA,1845,1854,2126,2130,0.024844721,0.055900622,161,156,false,2
1,BOS,LAX,SEA,,1,1989,1,3,25,0,11,AA,BOS,LAX,0900,0901,1228,1206,0.0,0.0025773195,388,365,false,2,1989,1,3,25,0,1711,DL,LAX,SEA,1955,1955,2226,2238,0.0794702,0.0,151,163,false,2
1,BOS,LAX,SEA,,1,1989,1,3,25,0,11,AA,BOS,LAX,0900,0901,1228,1206,0.0,0.0025773195,388,365,false,2,1989,1,3,25,0,213,AS,LAX,SEA,1435,1435,1710,1713,0.019354839,0.0,155,158,false,2
1,BOS,LAX,SEA,,1,1989,1,4,26,0,11,AA,BOS,LAX,0900,0933,1228,1234,0.0154639175,0.085051544,388,361,false,2,1989,1,4,26,0,1761,DL,LAX,SEA,1650,1650,1912,1912,0.0,0.0,142,142,false,2
1,BOS,LAX,SEA,,1,1989,1,4,26,0,11,AA,BOS,LAX,0900,0933,1228,1234,0.0154639175,0.085051544,388,361,false,2,1989,1,4,26,0,1725,DL,LAX,SEA,2150,2159,0015,0024,0.062068965,0.062068965,145,145,false,2
1,BOS,LAX,SEA,,1,1989,1,4,26,0,11,AA,BOS,LAX,0900,0933,1228,1234,0.0154639175,0.085051544,388,361,false,2,1989,1,4,26,0,2831,US,LAX,SEA,1845,1847,2126,2110,0.0,0.0124223605,161,143,false,2
1,BOS,LAX,SEA,,1,1989,1,4,26,0,11,AA,BOS,LAX,0900,0933,1228,1234,0.0154639175,0.085051544,388,361,false,2,1989,1,4,26,0,1711,DL,LAX,SEA,1955,1955,2226,2234,0.052980132,0.0,151,159,false,2
1,BOS,LAX,SEA,,1,1989,1,4,26,0,11,AA,BOS,LAX,0900,0933,1228,1234,0.0154639175,0.085051544,388,361,false,2,1989,1,4,26,0,99,AS,LAX,SEA,1750,1750,2021,2021,0.0,0.0,151,151,false,2
1,BOS,LAX,SEA,,1,1989,1,4,26,0,11,AA,BOS,LAX,0900,0933,1228,1234,0.0154639175,0.085051544,388,361,false,2,1989,1,4,26,0,719,DL,LAX,SEA,1750,1750,2023,2010,0.0,0.0,153,140,false,2
1,BOS,LAX,SEA,,1,1989,1,6,28,0,11,AA,BOS,LAX,0900,0901,1228,1206,0.0,0.0025773195,388,365,false,2,1989,1,6,28,0,2831,US,LAX,SEA,1845,1847,2126,2120,0.0,0.0124223605,161,153,false,2
1,BOS,LAX,SEA,,1,1989,1,6,28,0,11,AA,BOS,LAX,0900,0901,1228,1206,0.0,0.0025773195,388,365,false,2,1989,1,6,28,0,213,AS,LAX,SEA,1435,1435,1710,1710,0.0,0.0,155,155,false,2
1,BOS,LAX,SEA,,1,1989,1,6,28,0,11,AA,BOS,LAX,0900,0901,1228,1206,0.0,0.0025773195,388,365,false,2,1989,1,6,28,0,719,DL,LAX,SEA,1750,1750,2023,2036,0.08496732,0.0,153,166,false,2
1,BOS,LAX,SEA,,1,1989,1,7,29,0,11,AA,BOS,LAX,0900,0859,1228,1148,0.0,0.0,388,349,false,2,1989,1,7,29,0,1761,DL,LAX,SEA,1650,1650,1912,1916,0.028169014,0.0,142,146,false,2
1,BOS,LAX,SEA,,1,1989,1,7,29,0,11,AA,BOS,LAX,0900,0859,1228,1148,0.0,0.0,388,349,false,2,1989,1,7,29,0,2831,US,LAX,SEA,1845,1848,2126,2120,0.0,0.01863354,161,152,false,2
1,BOS,LAX,SEA,,1,1989,1,7,29,0,11,AA,BOS,LAX,0900,0859,1228,1148,0.0,0.0,388,349,false,2,1989,1,7,29,0,99,AS,LAX,SEA,1750,1750,2021,2024,0.01986755,0.0,151,154,false,2
1,BOS,LAX,SEA,,1,1989,1,7,29,0,11,AA,BOS,LAX,0900,0859,1228,1148,0.0,0.0,388,349,false,2,1989,1,7,29,0,213,AS,LAX,SEA,1435,1435,1710,1701,0.0,0.0,155,146,false,2
1,BOS,LAX,SEA,,1,1989,1,7,29,0,11,AA,BOS,LAX,0900,0859,1228,1148,0.0,0.0,388,349,false,2,1989,1,7,29,0,719,DL,LAX,SEA,1750,1750,2023,2020,0.0,0.0,153,150,false,2
1,BOS,LAX,SEA,,1,1989,1,1,30,0,11,AA,BOS,LAX,0900,0903,1228,1205,0.0,0.0077319588,388,362,false,2,1989,1,1,30,0,1761,DL,LAX,SEA,1650,1650,1912,1917,0.03521127,0.0,142,147,false,2
1,BOS,LAX,SEA,,1,1989,1,1,30,0,11,AA,BOS,LAX,0900,0903,1228,1205,0.0,0.0077319588,388,362,false,2,1989,1,1,30,0,2831,US,LAX,SEA,1845,1850,2126,2128,0.0124223605,0.031055901,161,158,false,2
1,BOS,LAX,SEA,,1,1989,1,1,30,0,11,AA,BOS,LAX,0900,0903,1228,1205,0.0,0.0077319588,388,362,false,2,1989,1,1,30,0,1711,DL,LAX,SEA,1955,1955,2226,2234,0.052980132,0.0,151,159,false,2
1,BOS,LAX,SEA,,1,1989,1,1,30,0,11,AA,BOS,LAX,0900,0903,1228,1205,0.0,0.0077319588,388,362,false,2,1989,1,1,30,0,99,AS,LAX,SEA,1750,1750,2021,2021,0.0,0.0,151,151,false,2
1,BOS,LAX,SEA,,1,1989,1,1,30,0,11,AA,BOS,LAX,0900,0903,1228,1205,0.0,0.0077319588,388,362,false,2,1989,1,1,30,0,213,AS,LAX,SEA,1435,1435,1710,1705,0.0,0.0,155,150,false,2
1,BOS,LAX,SEA,,1,1989,1,1,30,0,11,AA,BOS,LAX,0900,0903,1228,1205,0.0,0.0077319588,388,362,false,2,1989,1,1,30,0,719,DL,LAX,SEA,1750,1750,2023,2020,0.0,0.0,153,150,false,2
1,BOS,LAX,SEA,,1,1989,1,7,1,0,137,AA,BOS,LAX,2030,2032,2351,2347,0.0,0.005249344,381,375,false,2,1989,1,1,2,0,2803,US,LAX,SEA,0750,0752,1026,1032,0.03846154,0.012820513,156,160,false,2
1,BOS,LAX,SEA,,1,1989,1,7,1,0,137,AA,BOS,LAX,2030,2032,2351,2347,0.0,0.005249344,381,375,false,2,1989,1,1,2,0,91,AS,LAX,SEA,0755,0755,1030,1044,0.090322584,0.0,155,169,false,2
1,BOS,LAX,SEA,,1,1989,1,1,2,0,137,AA,BOS,LAX,2030,2041,2351,2346,0.0,0.028871391,381,365,false,2,1989,1,2,3,0,2803,US,LAX,SEA,0750,0754,1026,1018,0.0,0.025641026,156,144,false,2
1,BOS,LAX,SEA,,1,1989,1,1,2,0,137,AA,BOS,LAX,2030,2041,2351,2346,0.0,0.028871391,381,365,false,2,1989,1,2,3,0,211,AS,LAX,SEA,1040,1040,1316,1325,0.057692308,0.0,156,165,false,2
1,BOS,LAX,SEA,,1,1989,1,3,4,0,137,AA,BOS,LAX,2030,2030,2351,2345,0.0,0.0,381,375,false,2,1989,1,4,5,0,2803,US,LAX,SEA,0750,0750,1026,1006,0.0,0.0,156,136,false,2
1,BOS,LAX,SEA,,1,1989,1,3,4,0,137,AA,BOS,LAX,2030,2030,2351,2345,0.0,0.0,381,375,false,2,1989,1,4,5,0,91,AS,LAX,SEA,0755,0755,1030,1008,0.0,0.0,155,133,false,2
1,BOS,LAX,SEA,,1,1989,1,3,4,0,137,AA,BOS,LAX,2030,2030,2351,2345,0.0,0.0,381,375,false,2,1989,1,4,5,0,211,AS,LAX,SEA,1040,1053,1316,1315,0.0,0.083333336,156,142,false,2
1,BOS,LAX,SEA,,1,1989,1,3,4,0,137,AA,BOS,LAX,2030,2030,2351,2345,0.0,0.0,381,375,false,2,1989,1,4,5,0,1202,UA,LAX,SEA,0925,0936,1209,1214,0.030487806,0.067073174,164,158,false,2
1,BOS,LAX,SEA,,1,1989,1,5,6,0,137,AA,BOS,LAX,2030,2030,2351,2354,0.007874016,0.0,381,384,false,2,1989,1,6,7,0,2803,US,LAX,SEA,0750,0753,1026,1026,0.0,0.01923077,156,153,false,2
1,BOS,LAX,SEA,,1,1989,1,5,6,0,137,AA,BOS,LAX,2030,2030,2351,2354,0.007874016,0.0,381,384,false,2,1989,1,6,7,0,91,AS,LAX,SEA,0755,0755,1030,1034,0.025806451,0.0,155,159,false,2
1,BOS,LAX,SEA,,1,1989,1,1,9,0,137,AA,BOS,LAX,2030,2034,2351,2356,0.0131233595,0.010498688,381,382,false,2,1989,1,2,10,0,2803,US,LAX,SEA,0750,0751,1026,1024,0.0,0.0064102565,156,153,false,2
1,BOS,LAX,SEA,,1,1989,1,1,9,0,137,AA,BOS,LAX,2030,2034,2351,2356,0.0131233595,0.010498688,381,382,false,2,1989,1,2,10,0,91,AS,LAX,SEA,0755,0758,1030,1042,0.077419356,0.019354839,155,164,false,2
1,BOS,LAX,SEA,,1,1989,1,1,9,0,137,AA,BOS,LAX,2030,2034,2351,2356,0.0131233595,0.010498688,381,382,false,2,1989,1,2,10,0,211,AS,LAX,SEA,1040,1040,1316,1320,0.025641026,0.0,156,160,false,2
1,BOS,LAX,SEA,,1,1989,1,1,9,0,137,AA,BOS,LAX,2030,2034,2351,2356,0.0131233595,0.010498688,381,382,false,2,1989,1,2,10,0,1202,UA,LAX,SEA,0925,0923,1209,1213,0.024390243,0.0,164,170,false,2
1,BOS,LAX,SEA,,1,1989,1,3,11,0,137,AA,BOS,LAX,2030,2030,2351,2347,0.0,0.0,381,377,false,2,1989,1,4,12,0,2803,US,LAX,SEA,0750,0751,1026,1024,0.0,0.0064102565,156,153,false,2
1,BOS,LAX,SEA,,1,1989,1,3,11,0,137,AA,BOS,LAX,2030,2030,2351,2347,0.0,0.0,381,377,false,2,1989,1,4,12,0,91,AS,LAX,SEA,0755,0755,1030,1030,0.0,0.0,155,155,false,2
1,BOS,LAX,SEA,,1,1989,1,3,11,0,137,AA,BOS,LAX,2030,2030,2351,2347,0.0,0.0,381,377,false,2,1989,1,4,12,0,211,AS,LAX,SEA,1040,1044,1316,1318,0.012820513,0.025641026,156,154,false,2
1,BOS,LAX,SEA,,1,1989,1,5,13,0,137,AA,BOS,LAX,2030,2030,2351,2337,0.0,0.0,381,367,false,2,1989,1,6,14,0,2803,US,LAX,SEA,0750,0754,1026,1028,0.012820513,0.025641026,156,154,false,2
1,BOS,LAX,SEA,,1,1989,1,5,13,0,137,AA,BOS,LAX,2030,2030,2351,2337,0.0,0.0,381,367,false,2,1989,1,6,14,0,211,AS,LAX,SEA,1040,1040,1316,1324,0.051282052,0.0,156,164,false,2
1,BOS,LAX,SEA,,1,1989,1,5,13,0,137,AA,BOS,LAX,2030,2030,2351,2337,0.0,0.0,381,367,false,2,1989,1,6,14,0,1202,UA,LAX,SEA,0925,0925,1209,1211,0.0121951215,0.0,164,166,false,2
1,BOS,LAX,SEA,,1,1989,1,7,15,0,137,AA,BOS,LAX,2030,2029,2351,2344,0.0,0.0,381,375,false,2,1989,1,1,16,0,2803,US,LAX,SEA,0750,0752,1026,1028,0.012820513,0.012820513,156,156,false,2
1,BOS,LAX,SEA,,1,1989,1,7,15,0,137,AA,BOS,LAX,2030,2029,2351,2344,0.0,0.0,381,375,false,2,1989,1,1,16,0,91,AS,LAX,SEA,0755,0755,1030,1036,0.038709678,0.0,155,161,false,2
1,BOS,LAX,SEA,,1,1989,1,7,15,0,137,AA,BOS,LAX,2030,2029,2351,2344,0.0,0.0,381,375,false,2,1989,1,1,16,0,211,AS,LAX,SEA,1040,1040,1316,1330,0.08974359,0.0,156,170,false,2
1,BOS,LAX,SEA,,1,1989,1,1,16,0,137,AA,BOS,LAX,2030,2030,2351,2334,0.0,0.0,381,364,false,2,1989,1,2,17,0,2803,US,LAX,SEA,0750,0754,1026,1031,0.032051284,0.025641026,156,157,false,2
1,BOS,LAX,SEA,,1,1989,1,1,16,0,137,AA,BOS,LAX,2030,2030,2351,2334,0.0,0.0,381,364,false,2,1989,1,2,17,0,91,AS,LAX,SEA,0755,0755,1030,1040,0.06451613,0.0,155,165,false,2
1,BOS,LAX,SEA,,1,1989,1,1,16,0,137,AA,BOS,LAX,2030,2030,2351,2334,0.0,0.0,381,364,false,2,1989,1,2,17,0,211,AS,LAX,SEA,1040,1040,1316,1313,0.0,0.0,156,153,false,2
1,BOS,LAX,SEA,,1,1989,1,1,16,0,137,AA,BOS,LAX,2030,2030,2351,2334,0.0,0.0,381,364,false,2,1989,1,2,17,0,1202,UA,LAX,SEA,0925,0921,1209,1206,0.0,0.0,164,165,false,2
1,BOS,LAX,SEA,,1,1989,1,2,17,0,137,AA,BOS,LAX,2030,2028,2351,2329,0.0,0.0,381,361,false,2,1989,1,3,18,0,2803,US,LAX,SEA,0750,0754,1026,1023,0.0,0.025641026,156,149,false,2
1,BOS,LAX,SEA,,1,1989,1,2,17,0,137,AA,BOS,LAX,2030,2028,2351,2329,0.0,0.0,381,361,false,2,1989,1,3,18,0,211,AS,LAX,SEA,1040,1040,1316,1324,0.051282052,0.0,156,164,false,2
1,BOS,LAX,SEA,,1,1989,1,2,17,0,137,AA,BOS,LAX,2030,2028,2351,2329,0.0,0.0,381,361,false,2,1989,1,3,18,0,1202,UA,LAX,SEA,0925,0922,1209,1214,0.030487806,0.0,164,172,false,2
1,BOS,LAX,SEA,,1,1989,1,3,18,0,137,AA,BOS,LAX,2030,2030,2351,2343,0.0,0.0,381,373,false,2,1989,1,4,19,0,2803,US,LAX,SEA,0750,0755,1026,1019,0.0,0.032051284,156,144,false,2
1,BOS,LAX,SEA,,1,1989,1,3,18,0,137,AA,BOS,LAX,2030,2030,2351,2343,0.0,0.0,381,373,false,2,1989,1,4,19,0,91,AS,LAX,SEA,0755,0755,1030,1030,0.0,0.0,155,155,false,2
1,BOS,LAX,SEA,,1,1989,1,3,18,0,137,AA,BOS,LAX,2030,2030,2351,2343,0.0,0.0,381,373,false,2,1989,1,4,19,0,211,AS,LAX,SEA,1040,1040,1316,1315,0.0,0.0,156,155,false,2
1,BOS,LAX,SEA,,1,1989,1,3,18,0,137,AA,BOS,LAX,2030,2030,2351,2343,0.0,0.0,381,373,false,2,1989,1,4,19,0,1202,UA,LAX,SEA,0925,0923,1209,1207,0.0,0.0,164,164,false,2
1,BOS,LAX,SEA,,1,1989,1,4,19,0,137,AA,BOS,LAX,2030,2028,2351,2331,0.0,0.0,381,363,false,2,1989,1,5,20,0,2803,US,LAX,SEA,0750,0749,1026,1010,0.0,0.0,156,141,false,2
1,BOS,LAX,SEA,,1,1989,1,4,19,0,137,AA,BOS,LAX,2030,2028,2351,2331,0.0,0.0,381,363,false,2,1989,1,5,20,0,91,AS,LAX,SEA,0755,0755,1030,1037,0.045161292,0.0,155,162,false,2
1,BOS,LAX,SEA,,1,1989,1,4,19,0,137,AA,BOS,LAX,2030,2028,2351,2331,0.0,0.0,381,363,false,2,1989,1,5,20,0,211,AS,LAX,SEA,1040,1040,1316,1316,0.0,0.0,156,156,false,2
1,BOS,LAX,SEA,,1,1989,1,4,19,0,137,AA,BOS,LAX,2030,2028,2351,2331,0.0,0.0,381,363,false,2,1989,1,5,20,0,1202,UA,LAX,SEA,0925,0926,1209,1211,0.0121951215,0.0060975607,164,165,false,2
1,BOS,LAX,SEA,,1,1989,1,5,20,0,137,AA,BOS,LAX,2030,2040,2351,2333,0.0,0.026246719,381,353,false,2,1989,1,6,21,0,2803,US,LAX,SEA,0750,0752,1026,1018,0.0,0.012820513,156,146,false,2
1,BOS,LAX,SEA,,1,1989,1,5,20,0,137,AA,BOS,LAX,2030,2040,2351,2333,0.0,0.026246719,381,353,false,2,1989,1,6,21,0,91,AS,LAX,SEA,0755,0755,1030,1024,0.0,0.0,155,149,false,2
1,BOS,LAX,SEA,,1,1989,1,5,20,0,137,AA,BOS,LAX,2030,2040,2351,2333,0.0,0.026246719,381,353,false,2,1989,1,6,21,0,211,AS,LAX,SEA,1040,1040,1316,1324,0.051282052,0.0,156,164,false,2
1,BOS,LAX,SEA,,1,1989,1,5,20,0,137,AA,BOS,LAX,2030,2040,2351,2333,0.0,0.026246719,381,353,false,2,1989,1,6,21,0,1202,UA,LAX,SEA,0925,0922,1209,1200,0.0,0.0,164,158,false,2
1,BOS,LAX,SEA,,1,1989,1,6,21,0,137,AA,BOS,LAX,2030,2030,2351,2321,0.0,0.0,381,351,false,2,1989,1,7,22,0,211,AS,LAX,SEA,1040,1040,1316,1310,0.0,0.0,156,150,false,2
1,BOS,LAX,SEA,,1,1989,1,6,21,0,137,AA,BOS,LAX,2030,2030,2351,2321,0.0,0.0,381,351,false,2,1989,1,7,22,0,1202,UA,LAX,SEA,0925,0925,1209,1210,0.0060975607,0.0,164,165,false,2
1,BOS,LAX,SEA,,1,1989,1,7,22,0,137,AA,BOS,LAX,2030,2035,2351,2345,0.0,0.0131233595,381,370,false,2,1989,1,1,23,0,2803,US,LAX,SEA,0750,0751,1026,1024,0.0,0.0064102565,156,153,false,2
1,BOS,LAX,SEA,,1,1989,1,7,22,0,137,AA,BOS,LAX,2030,2035,2351,2345,0.0,0.0131233595,381,370,false,2,1989,1,1,23,0,91,AS,LAX,SEA,0755,0755,1030,1020,0.0,0.0,155,145,false,2
1,BOS,LAX,SEA,,1,1989,1,7,22,0,137,AA,BOS,LAX,2030,2035,2351,2345,0.0,0.0131233595,381,370,false,2,1989,1,1,23,0,211,AS,LAX,SEA,1040,1040,1316,1323,0.044871796,0.0,156,163,false,2
1,BOS,LAX,SEA,,1,1989,1,7,22,0,137,AA,BOS,LAX,2030,2035,2351,2345,0.0,0.0131233595,381,370,false,2,1989,1,1,23,0,1202,UA,LAX,SEA,0925,0925,1209,1212,0.018292682,0.0,164,167,false,2
1,BOS,LAX,SEA,,1,1989,1,2,24,0,137,AA,BOS,LAX,2030,2028,2351,2330,0.0,0.0,381,362,false,2,1989,1,3,25,0,2803,US,LAX,SEA,0750,0753,1026,1035,0.057692308,0.01923077,156,162,false,2
1,BOS,LAX,SEA,,1,1989,1,2,24,0,137,AA,BOS,LAX,2030,2028,2351,2330,0.0,0.0,381,362,false,2,1989,1,3,25,0,91,AS,LAX,SEA,0755,0755,1030,1034,0.025806451,0.0,155,159,false,2
1,BOS,LAX,SEA,,1,1989,1,2,24,0,137,AA,BOS,LAX,2030,2028,2351,2330,0.0,0.0,381,362,false,2,1989,1,3,25,0,211,AS,LAX,SEA,1040,1040,1316,1330,0.08974359,0.0,156,170,false,2
1,BOS,LAX,SEA,,1,1989,1,5,27,0,137,AA,BOS,LAX,2030,2034,2351,2330,0.0,0.010498688,381,356,false,2,1989,1,6,28,0,2803,US,LAX,SEA,0750,0752,1026,1026,0.0,0.012820513,156,154,false,2
1,BOS,LAX,SEA,,1,1989,1,5,27,0,137,AA,BOS,LAX,2030,2034,2351,2330,0.0,0.010498688,381,356,false,2,1989,1,6,28,0,91,AS,LAX,SEA,0755,0755,1030,1030,0.0,0.0,155,155,false,2
1,BOS,LAX,SEA,,1,1989,1,5,27,0,137,AA,BOS,LAX,2030,2034,2351,2330,0.0,0.010498688,381,356,false,2,1989,1,6,28,0,211,AS,LAX,SEA,1040,1040,1316,1330,0.08974359,0.0,156,170,false,2
1,BOS,LAX,SEA,,1,1989,1,5,27,0,137,AA,BOS,LAX,2030,2034,2351,2330,0.0,0.010498688,381,356,false,2,1989,1,6,28,0,1202,UA,LAX,SEA,0925,0921,1209,1209,0.0,0.0,164,168,false,2
1,BOS,LAX,SEA,,1,1989,1,6,28,0,137,AA,BOS,LAX,2030,2028,2351,2314,0.0,0.0,381,346,false,2,1989,1,7,29,0,2803,US,LAX,SEA,0750,0754,1026,1024,0.0,0.025641026,156,150,false,2
1,BOS,LAX,SEA,,1,1989,1,6,28,0,137,AA,BOS,LAX,2030,2028,2351,2314,0.0,0.0,381,346,false,2,1989,1,7,29,0,211,AS,LAX,SEA,1040,1040,1316,1320,0.025641026,0.0,156,160,false,2
1,BOS,LAX,SEA,,1,1989,1,6,28,0,137,AA,BOS,LAX,2030,2028,2351,2314,0.0,0.0,381,346,false,2,1989,1,7,29,0,1202,UA,LAX,SEA,0925,0923,1209,1213,0.024390243,0.0,164,170,false,2
1,BOS,LAX,SEA,,1,1989,1,7,29,0,137,AA,BOS,LAX,2030,2030,2351,2311,0.0,0.0,381,341,false,2,1989,1,1,30,0,2803,US,LAX,SEA,0750,0753,1026,1026,0.0,0.01923077,156,153,false,2
1,BOS,LAX,SEA,,1,1989,1,7,29,0,137,AA,BOS,LAX,2030,2030,2351,2311,0.0,0.0,381,341,false,2,1989,1,1,30,0,91,AS,LAX,SEA,0755,0755,1030,1037,0.045161292,0.0,155,162,false,2
1,BOS,LAX,SEA,,1,1989,1,7,29,0,137,AA,BOS,LAX,2030,2030,2351,2311,0.0,0.0,381,341,false,2,1989,1,1,30,0,211,AS,LAX,SEA,1040,1040,1316,1322,0.03846154,0.0,156,162,false,2
1,BOS,LAX,SEA,,1,1989,1,1,30,0,137,AA,BOS,LAX,2030,2036,2351,2333,0.0,0.015748031,381,357,false,2,1989,1,2,31,0,2803,US,LAX,SEA,0750,0750,1026,1025,0.0,0.0,156,155,false,2
1,BOS,LAX,SEA,,1,1989,1,1,30,0,137,AA,BOS,LAX,2030,2036,2351,2333,0.0,0.015748031,381,357,false,2,1989,1,2,31,0,91,AS,LAX,SEA,0755,0755,1030,1040,0.06451613,0.0,155,165,false,2
1,BOS,LAX,SEA,,1,1989,1,1,30,0,137,AA,BOS,LAX,2030,2036,2351,2333,0.0,0.015748031,381,357,false,2,1989,1,2,31,0,211,AS,LAX,SEA,1040,1040,1316,1313,0.0,0.0,156,153,false,2
1,BOS,LAX,SEA,,1,1989,1,1,30,0,137,AA,BOS,LAX,2030,2036,2351,2333,0.0,0.015748031,381,357,false,2,1989,1,2,31,0,1202,UA,LAX,SEA,0925,0923,1209,1219,0.06097561,0.0,164,176,false,2
1,BOS,LAX,SEA,,1,1989,1,7,1,0,11,AA,BOS,LAX,0900,0900,1228,1216,0.0,0.0,388,376,false,2,1989,1,7,1,0,2831,US,LAX,SEA,1845,1852,2126,2138,0.07453416,0.04347826,161,166,false,2
1,BOS,LAX,SEA,,1,1989,1,1,2,0,853,TW,BOS,LAX,1735,1745,2044,2038,0.0,0.02710027,369,353,false,2,1989,1,2,3,0,2803,US,LAX,SEA,0750,0754,1026,1018,0.0,0.025641026,156,144,false,2
1,BOS,LAX,SEA,,1,1989,1,5,6,0,853,TW,BOS,LAX,1735,1742,2044,2052,0.021680217,0.01897019,369,370,false,2,1989,1,6,7,0,2803,US,LAX,SEA,0750,0753,1026,1026,0.0,0.01923077,156,153,false,2
1,BOS,LAX,SEA,,1,1989,1,5,6,0,853,TW,BOS,LAX,1735,1742,2044,2052,0.021680217,0.01897019,369,370,false,2,1989,1,5,6,0,1725,DL,LAX,SEA,2150,2157,0015,0015,0.0,0.048275862,145,138,false,2
1,BOS,LAX,SEA,,1,1989,1,5,6,0,853,TW,BOS,LAX,1735,1742,2044,2052,0.021680217,0.01897019,369,370,false,2,1989,1,6,7,0,91,AS,LAX,SEA,0755,0755,1030,1034,0.025806451,0.0,155,159,false,2
1,BOS,LAX,SEA,,1,1989,1,6,7,0,853,TW,BOS,LAX,1735,1747,2044,2054,0.02710027,0.032520324,369,367,false,2,1989,1,6,7,0,1725,DL,LAX,SEA,2150,2150,0015,0024,0.062068965,0.0,145,154,false,2
1,BOS,LAX,SEA,,1,1989,1,7,15,0,853,TW,BOS,LAX,1735,1738,2044,2044,0.0,0.008130081,369,366,false,2,1989,1,1,16,0,2803,US,LAX,SEA,0750,0752,1026,1028,0.012820513,0.012820513,156,156,false,2
1,BOS,LAX,SEA,,1,1989,1,7,15,0,853,TW,BOS,LAX,1735,1738,2044,2044,0.0,0.008130081,369,366,false,2,1989,1,1,16,0,91,AS,LAX,SEA,0755,0755,1030,1036,0.038709678,0.0,155,161,false,2
1,BOS,LAX,SEA,,1,1989,1,2,17,0,853,TW,BOS,LAX,1805,1804,2114,2111,0.0,0.0,369,367,false,2,1989,1,3,18,0,2803,US,LAX,SEA,0750,0754,1026,1023,0.0,0.025641026,156,149,false,2
1,BOS,LAX,SEA,,1,1989,1,4,19,0,853,TW,BOS,LAX,1735,1737,2044,2029,0.0,0.0054200543,369,352,false,2,1989,1,5,20,0,2803,US,LAX,SEA,0750,0749,1026,1010,0.0,0.0,156,141,false,2
1,BOS,LAX,SEA,,1,1989,1,4,19,0,853,TW,BOS,LAX,1735,1737,2044,2029,0.0,0.0054200543,369,352,false,2,1989,1,5,20,0,91,AS,LAX,SEA,0755,0755,1030,1037,0.045161292,0.0,155,162,false,2
1,BOS,LAX,SEA,,1,1989,1,5,20,0,853,TW,BOS,LAX,1735,1748,2044,2049,0.013550135,0.035230353,369,361,false,2,1989,1,5,20,0,1725,DL,LAX,SEA,2150,2150,0015,0005,0.0,0.0,145,135,false,2
1,BOS,LAX,SEA,,1,1989,1,5,20,0,853,TW,BOS,LAX,1735,1748,2044,2049,0.013550135,0.035230353,369,361,false,2,1989,1,6,21,0,2803,US,LAX,SEA,0750,0752,1026,1018,0.0,0.012820513,156,146,false,2
1,BOS,LAX,SEA,,1,1989,1,5,20,0,853,TW,BOS,LAX,1735,1748,2044,2049,0.013550135,0.035230353,369,361,false,2,1989,1,6,21,0,91,AS,LAX,SEA,0755,0755,1030,1024,0.0,0.0,155,149,false,2
1,BOS,LAX,SEA,,1,1989,1,7,22,0,853,TW,BOS,LAX,1735,1754,2044,2048,0.010840109,0.051490515,369,354,false,2,1989,1,1,23,0,2803,US,LAX,SEA,0750,0751,1026,1024,0.0,0.0064102565,156,153,false,2
1,BOS,LAX,SEA,,1,1989,1,7,22,0,853,TW,BOS,LAX,1735,1754,2044,2048,0.010840109,0.051490515,369,354,false,2,1989,1,1,23,0,91,AS,LAX,SEA,0755,0755,1030,1020,0.0,0.0,155,145,false,2
1,BOS,LAX,SEA,,1,1989,1,2,24,0,853,TW,BOS,LAX,1805,1807,2114,2121,0.01897019,0.0054200543,369,374,false,2,1989,1,3,25,0,2803,US,LAX,SEA,0750,0753,1026,1035,0.057692308,0.01923077,156,162,false,2
1,BOS,LAX,SEA,,1,1989,1,2,24,0,853,TW,BOS,LAX,1805,1807,2114,2121,0.01897019,0.0054200543,369,374,false,2,1989,1,3,25,0,91,AS,LAX,SEA,0755,0755,1030,1034,0.025806451,0.0,155,159,false,2
1,BOS,LAX,SEA,,1,1989,1,6,28,0,853,TW,BOS,LAX,1735,1734,2044,2018,0.0,0.0,369,344,false,2,1989,1,7,29,0,2803,US,LAX,SEA,0750,0754,1026,1024,0.0,0.025641026,156,150,false,2
